269
273
279
289
302
315
327
335
344
353
362
366
370
375
380
389
397
405
414
429
445
454
464
469
474
478
488
497
500
499
497
496
501
507
504
495
502
523
543
551
561
578
592
596
602
614
625
627
628
629
623
613
609
618
622
611
601
606
619
628
626
624
626
634
643
647
645
650
665
685
693
690
688
696
707
711
704
699
701
704
701
692
683
682
684
688
677
662
656
669
690
708
713
707
686
669
663
662
658
649
653
661
667
666
679
698
716
718
702
672
646
634
636
631
638
653
671
674
668
664
662
653
642
625
581
526
493
516
563
592
595
587
576
573
569
568
564
558
550
544
536
530
522
517
509
501
493
490
489
488
484
479
477
478
481
480
483
478
473
465
466
469
466
460
452
449
443
436
432
431
430
426
425
420
409
392
382
377
370
366
275
275
280
290
305
318
329
339
350
360
367
372
379
382
386
391
405
413
424
435
450
460
469
478
482
488
496
499
499
498
498
500
506
510
507
498
508
531
551
559
566
584
600
607
611
619
630
634
635
639
635
628
625
631
633
621
610
616
632
643
641
634
632
641
654
655
651
655
680
701
706
700
698
708
719
722
717
710
712
716
713
705
693
690
694
699
692
674
667
677
701
720
725
716
697
678
671
668
667
655
659
666
676
676
684
703
719
726
711
682
654
643
647
649
655
664
677
680
677
674
668
660
647
630
587
531
500
522
568
597
599
593
580
575
569
568
565
559
550
544
536
530
522
516
507
497
490
487
487
487
483
477
475
475
477
475
475
472
472
467
463
459
456
451
447
442
438
432
430
430
429
429
427
420
409
392
384
377
370
364
274
275
281
291
307
321
334
344
356
365
369
371
377
386
391
398
403
411
418
431
444
459
470
478
481
487
495
500
500
500
500
500
507
512
509
502
510
533
550
558
566
587
602
609
614
625
636
640
641
643
639
628
626
631
636
626
619
624
639
646
643
637
638
652
667
669
665
668
687
707
717
714
712
719
727
728
722
716
718
721
722
711
699
696
705
710
702
681
672
680
704
725
733
725
705
687
682
679
677
674
676
679
681
684
695
714
731
736
723
692
668
650
650
652
661
675
686
691
686
682
673
663
649
631
588
534
504
529
576
606
610
598
584
574
573
573
571
567
559
549
537
530
524
520
513
503
494
490
490
491
487
482
478
480
482
481
483
478
473
465
467
470
467
460
452
449
443
436
431
431
430
426
426
420
409
392
383
377
370
365
270
277
287
298
309
319
332
343
358
367
373
375
381
389
395
402
405
414
425
442
454
466
473
479
477
484
490
499
502
504
503
501
507
514
511
502
506
528
544
556
568
591
604
608
614
625
637
640
641
642
637
627
624
629
632
622
612
616
635
647
646
635
635
645
662
664
664
671
693
716
722
718
715
721
728
730
725
722
723
726
727
714
703
697
704
711
703
682
672
679
701
721
732
727
705
686
680
680
680
675
676
678
680
686
699
715
728
730
722
688
661
645
648
655
662
673
681
685
686
683
677
664
650
632
587
534
505
530
578
607
609
596
582
575
573
573
571
570
562
549
534
527
525
521
511
498
490
487
491
495
493
485
480
480
480
479
476
473
465
462
467
471
467
455
449
443
440
436
433
430
426
429
429
425
408
390
381
376
371
366
273
274
281
292
306
319
330
341
352
362
368
374
380
386
391
397
403
408
418
436
453
468
476
482
481
486
494
498
500
498
498
497
504
508
504
495
503
525
542
551
563
588
601
605
611
624
633
633
632
636
634
627
623
628
628
618
606
611
630
641
638
627
627
641
657
661
658
662
682
703
711
707
705
710
718
722
720
717
717
720
721
710
700
692
698
702
694
677
668
678
700
721
730
724
704
687
679
678
674
669
671
673
676
681
695
713
727
729
718
691
667
650
648
648
659
670
682
680
684
682
680
668
657
637
590
534
507
530
576
605
607
596
582
576
574
572
571
566
563
552
538
530
525
521
510
500
493
490
489
490
489
484
479
477
478
478
478
474
470
466
466
471
467
457
446
439
435
429
428
428
427
429
430
426
410
391
381
377
372
368
274
275
284
293
305
319
328
341
353
365
372
374
380
385
394
397
404
411
422
436
449
462
469
474
479
485
494
494
494
491
493
493
502
506
503
495
503
524
540
548
560
581
596
600
608
620
627
627
628
632
628
620
617
625
627
618
609
612
633
646
646
632
631
644
662
662
659
668
689
708
711
709
706
714
718
721
714
712
713
715
714
705
695
691
696
700
689
670
663
674
696
715
723
712
692
676
672
671
667
663
665
669
673
678
694
712
729
732
719
690
666
653
653
655
662
673
679
681
683
680
679
666
657
634
591
537
511
532
580
608
611
597
584
577
578
576
573
566
561
554
544
534
527
521
511
502
492
490
486
489
485
483
478
479
479
480
481
476
470
463
463
462
460
453
448
442
441
439
435
432
428
430
429
423
410
392
382
375
371
367
271
273
281
291
305
318
329
340
353
366
371
367
370
379
389
391
396
399
412
423
437
447
459
467
471
476
484
485
488
488
490
488
494
499
498
490
496
517
532
541
554
575
591
593
596
607
616
623
624
625
617
605
603
613
619
610
598
599
613
627
626
617
612
622
635
638
633
640
659
684
694
695
690
693
698
700
695
695
699
699
695
687
681
680
687
690
679
660
654
665
685
703
711
704
683
666
662
663
660
657
659
665
667
670
681
699
714
722
714
690
662
646
641
642
651
664
675
676
675
670
665
653
645
625
588
535
509
529
575
599
602
586
579
568
568
565
564
561
554
548
539
533
526
520
507
496
487
487
485
487
483
478
473
474
478
478
478
475
470
465
463
460
457
448
442
439
436
436
431
429
424
424
422
416
404
389
379
372
367
363
265
269
276
287
299
312
325
336
348
358
363
365
367
371
374
384
394
404
413
424
433
444
452
459
461
471
481
485
485
484
484
482
488
495
493
484
489
510
526
534
546
568
584
590
592
601
610
616
618
620
616
606
601
607
609
603
591
595
608
622
618
606
605
620
636
638
635
638
659
679
689
681
674
680
690
693
687
684
685
687
682
672
665
662
667
668
660
643
635
644
666
686
694
687
666
648
643
647
648
647
648
651
653
655
666
684
699
703
691
667
643
629
627
632
638
647
655
659
658
657
651
644
631
618
579
525
493
513
558
587
590
577
565
556
555
552
552
548
543
536
527
523
517
511
499
492
482
484
485
486
480
471
467
464
466
469
472
470
466
459
458
458
455
448
437
433
431
429
426
422
422
419
418
411
401
385
375
369
363
360
275
275
279
286
299
314
324
334
345
354
359
361
365
369
373
377
387
397
407
416
429
443
455
457
460
466
475
480
479
480
478
481
487
493
490
482
486
504
518
527
540
564
580
586
589
597
604
608
610
613
608
600
595
601
602
594
584
590
607
616
617
604
605
612
625
625
622
626
646
666
675
672
665
671
680
685
679
674
675
679
678
667
658
654
657
660
652
635
627
636
660
678
685
677
657
640
634
638
636
635
635
638
641
645
655
671
684
691
684
660
634
620
620
623
626
639
649
654
651
649
643
634
622
609
569
520
488
509
551
579
580
567
555
549
550
550
548
541
535
527
520
514
508
501
491
482
476
475
473
473
470
468
463
464
463
465
459
456
450
445
438
440
441
440
434
431
428
422
416
416
415
415
412
408
395
381
369
366
360
357
271
275
277
286
296
313
325
335
345
355
359
362
367
374
380
384
394
403
409
418
430
445
454
457
458
460
471
478
482
481
481
484
488
491
484
477
481
500
515
529
542
561
574
578
585
594
603
607
610
611
606
595
592
595
599
592
584
586
600
613
614
609
607
614
620
623
621
630
646
666
669
666
663
671
680
682
678
674
674
677
674
666
657
654
657
657
649
633
629
640
659
672
680
673
656
637
631
633
634
633
634
640
644
645
653
668
681
686
681
661
639
626
622
623
628
640
649
652
652
649
643
631
622
608
574
522
491
506
551
576
579
564
557
548
549
544
545
538
532
524
518
511
505
498
490
479
475
473
476
473
472
466
465
465
464
466
463
462
455
449
447
449
448
440
429
427
423
422
417
417
415
415
413
408
388
375
366
366
360
357
272
271
278
285
300
313
325
335
343
351
356
361
363
365
369
375
388
396
405
415
427
438
445
452
454
461
470
480
482
480
479
479
484
488
483
476
482
500
515
527
541
560
570
573
578
590
602
609
611
613
606
597
591
596
597
590
579
582
595
607
607
599
597
606
614
619
618
625
638
655
662
661
659
663
672
677
676
673
671
672
671
663
654
646
648
649
642
628
626
639
658
671
676
669
650
632
628
631
632
629
629
634
637
642
651
665
679
687
682
655
631
619
619
620
625
636
643
648
649
645
